0.000000 0.000000 0.000000 0.000000 0.000000 0.000000
0.032659 0.017189 0.000000 0.024390 -0.017807 -0.000042
0.034664 0.007620 0.000000 0.014686 0.027181 -0.003891
0.008995 0.014324 -0.003953 0.016156 0.046142 0.000088
-0.000859 -0.020054 -0.007735 -0.014937 0.036131 0.005469
-0.056837 -0.049504 -0.005500 -0.028690 0.094885 0.131021
-0.060275 -0.056723 -0.017533 -0.042725 0.073634 0.175559
0.050019 -0.050649 -0.010542 -0.093027 -0.048699 -0.031637
0.000974 -0.076261 -0.019767 -0.080246 -0.011737 -0.011540
-0.030309 -0.052483 -0.014954 -0.046730 -0.086719 -0.001086
-0.050535 -0.061020 -0.016501 -0.035894 -0.005058 0.349293
-0.095970 -0.062109 -0.028419 -0.004345 0.092616 0.666596
-0.051509 -0.031341 -0.010886 0.017563 0.003008 0.597091
-0.041883 -0.023090 -0.015756 0.007502 -0.039091 0.495157
-0.055462 -0.040222 -0.015470 -0.006893 -0.094407 0.371774
-0.019652 -0.059645 0.003380 -0.006199 -0.078655 0.340292
-0.026012 -0.070932 0.023319 0.092171 0.030990 0.577533
-0.064057 -0.028877 -0.011287 0.047765 0.031594 0.496937
-0.124962 0.015642 -0.023262 0.030662 -0.050561 0.361102
-0.137281 0.008594 -0.024064 0.043398 -0.058042 0.242029
-0.133041 -0.007047 -0.028762 0.039697 0.006507 0.242367
-0.128343 0.003839 -0.044519 0.034035 0.117233 0.275324
-0.069786 0.007735 -0.039763 0.037236 0.062139 0.231288
-0.076031 0.003495 -0.039763 0.038626 0.077692 0.202574
-0.057124 0.006818 -0.039763 0.047296 0.057512 0.177315
-0.049446 0.005787 -0.039763 0.047277 0.075529 0.185921
-0.037586 0.014381 -0.030596 0.041263 0.057184 0.202461
-0.029794 0.014381 -0.030768 0.042528 0.052384 0.210113
-0.039419 -0.000917 -0.029794 0.032176 0.054313 0.224148
-0.037815 0.004927 -0.027960 0.034225 0.052651 0.213193
-0.041826 0.014381 -0.026585 0.032629 0.054068 0.213285
-0.041826 -0.003782 -0.033633 0.027604 0.075273 0.209420
-0.150058 -0.009511 -0.111555 -0.062077 -0.010350 0.252172
-0.295073 0.044175 -0.157277 -0.117212 -0.035233 0.220179
-0.276509 0.021887 -0.123186 -0.088230 0.009146 0.217745
-0.225344 -0.005558 -0.114190 -0.064821 -0.012722 0.193848
-0.205749 -0.006761 -0.134187 -0.080098 0.008323 0.219160
-0.186498 0.000344 -0.147709 -0.088697 0.030112 0.202457
-0.150688 -0.000688 -0.149599 -0.056469 0.016227 0.149410
-0.155615 -0.005615 -0.120493 -0.039486 0.031294 0.164964
-0.284645 0.005730 -0.127369 -0.074563 -0.013709 0.413544
-0.281265 0.043201 -0.117857 0.034548 0.090813 0.787063
-0.272556 0.048816 -0.132812 0.037338 -0.042971 0.747656
-0.343775 0.081876 -0.162204 0.047529 -0.208241 0.600207
-0.073339 0.166903 -0.240012 0.110822 -0.125185 0.356926
-0.058728 0.168278 -0.172231 0.116410 0.026827 0.448886
-0.061536 0.107086 -0.146162 0.096446 -0.044194 0.378473
-0.119634 0.114076 -0.119233 0.128528 0.032218 0.473012
-0.146620 0.117227 -0.120378 0.126171 0.112395 0.474862
-0.040451 0.103705 -0.110294 0.111390 0.026162 0.310075
-0.085428 0.108747 -0.101757 0.123677 0.018939 0.247971
-0.116597 0.096486 -0.089897 0.143266 0.040750 0.264761
-0.159454 0.100210 -0.093278 0.112149 0.094068 0.332817
-0.071505 0.101872 -0.079068 0.064782 0.026484 0.443828
-0.111268 0.129660 -0.076490 0.041985 0.044826 0.332190
-0.092705 0.109148 -0.092132 0.044111 0.034856 0.302781
-0.111268 0.085657 -0.082678 0.077762 0.021018 0.213241
-0.114477 0.092361 -0.085600 0.091304 -0.003429 0.186236
-0.185696 0.127311 -0.050993 0.037919 0.108847 0.379699
-0.184550 0.116253 -0.076948 0.003164 0.112123 0.346903
-0.144099 0.089668 -0.077521 0.022751 0.030261 0.260744
-0.139343 0.082678 -0.064515 0.034553 0.029551 0.246940
-0.141750 0.074370 -0.057926 0.042949 0.080908 0.300803
-0.172976 0.079183 -0.059989 0.025454 0.129077 0.367280
-0.144901 0.055061 -0.071734 -0.015899 0.059723 0.262756
-0.116597 0.049675 -0.060275 0.018194 0.038192 0.190003
-0.143125 0.058957 -0.068927 0.062628 0.096575 0.259574
-0.166731 0.071677 -0.075630 0.051417 0.123144 0.350155
-0.127655 0.078896 -0.080329 0.049714 0.044019 0.276676
-0.116081 0.060103 -0.064458 0.047675 0.023522 0.220031
-0.136994 0.086574 -0.070474 0.069793 0.064018 0.284559
-0.135447 0.074198 -0.075516 0.068535 0.136416 0.334135
-0.110524 0.081589 -0.094939 0.038698 0.090129 0.290965
-0.084110 0.086402 -0.095340 0.013733 0.072114 0.267038
-0.060504 0.080672 -0.093507 0.010660 0.077211 0.253289
-0.058614 0.435620 -0.276509 -0.262203 -0.003649 0.324023
0.009568 0.297365 -0.163178 -0.167058 0.076033 0.234203
0.001031 0.182831 -0.156417 -0.110293 0.114743 0.231567
-0.018736 0.132926 -0.131952 -0.096873 0.061228 0.217688
-0.053858 0.121066 -0.103992 -0.058491 0.072627 0.262305
-0.116196 0.139916 -0.109550 -0.037914 0.142743 0.326604
-0.051337 0.128056 -0.105482 -0.033335 0.066417 0.284785
-0.032258 0.120722 -0.094423 -0.016780 0.050722 0.261799
-0.058728 0.093507 -0.094767 -0.051173 0.075181 0.416368
-0.069729 0.077063 -0.105482 -0.054861 0.135716 0.414163
-0.027273 0.096028 -0.127082 -0.078684 0.051501 0.339941
-0.029565 0.104909 -0.128113 -0.085673 0.041893 0.338351
-0.096429 0.091788 -0.131608 -0.097593 0.008140 0.367300
-0.117571 0.080730 -0.087433 -0.035757 0.040957 0.297539
-0.164038 0.067323 -0.098377 -0.030208 0.093663 0.312510
-0.214916 0.058614 -0.072135 0.031244 0.068604 0.280265
-0.215318 0.092017 -0.059989 0.076030 0.065984 0.412276
-0.199389 0.098549 -0.057009 0.083653 0.136424 0.392983
-0.108461 0.095340 -0.065432 0.090727 0.036811 0.272258
-0.087834 0.083308 -0.057640 0.085571 0.054174 0.215181
-0.083022 0.057296 -0.062051 0.065329 0.046770 0.188335
-0.087892 0.067323 -0.045665 0.075885 0.064857 0.214174
-0.139286 0.063197 -0.039133 0.062046 0.146955 0.407638
-0.170455 0.044232 -0.039133 0.046560 0.166557 0.437483
-0.208098 0.065776 -0.065718 0.072135 0.011978 0.305715
-0.133499 0.040680 -0.053915 0.077427 0.010361 0.193379
-0.130978 0.043373 -0.039133 0.061403 0.059022 0.256778
-0.184779 0.011230 -0.020455 0.024528 0.169218 0.227720
-0.153553 0.037815 -0.042571 0.045380 0.144500 0.237595
-0.122842 0.060791 -0.047498 0.065336 0.074991 0.248005
-0.146162 0.034435 -0.039133 0.036119 0.107640 0.370658
-0.188904 0.040222 -0.092991 -0.097065 0.164260 0.537964
-0.132984 0.051108 -0.065031 -0.026082 0.074027 0.439922
-0.107773 0.059129 -0.053514 0.020432 0.039071 0.364276
-0.095226 0.064515 -0.051394 0.046301 0.048906 0.323340
-0.100898 0.062510 -0.049618 0.052670 0.069887 0.292678
-0.099236 0.074771 -0.024924 0.064574 0.088544 0.302197
-0.153553 0.069729 -0.039477 0.052428 0.133911 0.476664
-0.172117 0.075115 -0.057697 0.060097 0.131725 0.535538
-0.169194 0.078094 -0.057640 0.056095 0.062040 0.514764
-0.207353 0.064343 -0.099179 0.075963 0.037159 0.475976
-0.195837 0.078667 -0.091043 0.091848 0.087149 0.378558
-0.171142 0.080615 -0.067151 0.082798 0.133377 0.373673
-0.146162 0.063255 -0.057697 0.092962 0.099286 0.328715
-0.135275 0.057697 -0.057640 0.096216 0.091293 0.301983
-0.156246 0.035695 -0.037586 0.091508 0.095640 0.516964
-0.195493 0.015241 -0.042800 0.058849 0.149202 0.627771
-0.083881 -0.031513 -0.079641 0.144247 0.053634 0.443316
-0.055863 -0.031685 -0.048071 0.163007 0.036027 0.319063
-0.074943 -0.004011 -0.057697 0.182157 0.069912 0.426600
-0.144500 -0.008824 -0.082563 0.120753 0.181364 0.606027
-0.084970 -0.004011 -0.065546 0.121979 0.088273 0.343561
-0.048587 -0.020913 -0.050478 0.145438 0.020113 0.192464
-0.077177 -0.016960 -0.043029 0.180180 0.076027 0.382059
-0.130692 -0.028934 -0.033862 0.172229 0.212748 0.539760
-0.099924 -0.004011 -0.061306 0.189136 0.081890 0.381078
-0.070302 0.014324 -0.051853 0.271689 0.034668 0.266386
-0.101643 0.024351 -0.032544 0.297677 0.082089 0.335839
-0.132525 0.029737 -0.032544 0.260812 0.199703 0.412538
-0.037529 0.046581 -0.032601 0.243345 0.110250 0.345952
-0.070531 0.058614 -0.021085 0.243410 0.077419 0.307793
-0.081016 0.062051 -0.013063 0.271146 0.081121 0.329515
-0.143469 0.063885 -0.022002 0.234748 0.223104 0.394637
-0.101356 0.070130 -0.026585 0.237826 0.124098 0.349435
-0.065031 0.066005 -0.024064 0.245812 0.075835 0.330515
-0.068297 0.063025 -0.018678 0.243808 0.112394 0.313450
-0.082105 0.058556 -0.029851 0.246484 0.153802 0.394415
-0.082105 0.063770 -0.033232 0.237985 0.157344 0.369467
-0.048587 0.077407 -0.029106 0.223190 0.110038 0.341025
0.108862 0.127483 -0.074313 0.171221 0.139871 0.218931
-0.037758 0.099809 -0.070932 0.147105 0.176407 0.276721
-0.024007 0.089381 -0.051967 0.146564 0.181057 0.276528
-0.021772 0.089611 -0.053973 0.150346 0.180404 0.288512
0.006589 0.089725 -0.044232 0.154988 0.161424 0.289778
0.009339 0.081704 -0.047842 0.154085 0.166952 0.270528
0.008365 0.078381 -0.037701 0.155021 0.156935 0.266847
0.017131 0.060390 -0.025267 0.154422 0.156587 0.255758
0.016845 0.050019 -0.026184 0.154053 0.165334 0.239766
0.014209 0.044118 -0.018678 0.152664 0.171738 0.236710
-0.012376 0.063713 -0.037701 0.174461 0.160385 0.342666
-0.115050 0.029450 -0.028419 0.155628 0.232317 0.443368
-0.099007 0.032086 -0.037701 0.176411 0.160613 0.395742
-0.065718 0.042800 -0.062796 0.195725 0.055403 0.291500
-0.076891 0.031112 -0.039649 0.190982 0.029706 0.233625
-0.075115 0.033060 -0.039649 0.193792 0.068571 0.303768
-0.160657 0.037987 -0.075401 0.167204 0.159980 0.594874
-0.161631 0.078151 -0.099809 0.170790 0.155900 0.626212
-0.117972 0.050191 -0.056264 0.176562 0.082286 0.470479
-0.103362 0.048186 -0.045722 0.176708 0.052978 0.361547
-0.119175 0.041196 -0.025611 0.205565 0.070343 0.340745
-0.161861 0.048358 -0.063140 0.221576 0.136557 0.468554
-0.170570 0.034435 -0.074656 0.144397 0.156393 0.538637
-0.117399 0.030367 -0.066635 0.144433 0.083949 0.466771
-0.100611 0.048186 -0.053170 0.197687 0.063434 0.382523
-0.097460 0.058499 -0.040680 0.236571 0.056692 0.368995
-0.122384 0.058499 -0.057640 0.231848 0.102594 0.606871
-0.133728 0.040565 -0.051738 0.207691 0.142981 0.578575
-0.137796 0.021543 -0.061306 0.223283 0.069233 0.485537
-0.118545 0.040451 -0.067895 0.293513 0.067524 0.337076
-0.084053 0.027273 -0.037128 0.333970 0.078250 0.278808
-0.118488 0.042227 -0.037586 0.347781 0.133684 0.368462
-0.154584 0.034492 -0.041539 0.318369 0.196390 0.397170
-0.121582 0.048701 -0.069099 0.324091 0.110769 0.324835
-0.076547 0.042915 -0.053915 0.345940 0.081261 0.269629
-0.104737 0.045607 -0.038216 0.364134 0.102241 0.297310
-0.149313 0.035180 -0.029335 0.345662 0.174147 0.386914
-0.112987 0.071562 -0.039534 0.313622 0.122772 0.377168
-0.100611 0.071505 -0.034607 0.295456 0.112419 0.374294
-0.017991 0.102445 0.000974 0.283287 0.120717 0.374390
-0.058384 0.098606 -0.032773 0.278442 0.112709 0.350949
-0.119290 0.103018 -0.061650 0.230150 0.144892 0.356616
-0.099007 0.065833 -0.043373 0.200110 0.095294 0.310483
-0.094882 0.078151 -0.032773 0.238462 0.106987 0.350465
-0.117055 0.078438 -0.036898 0.246474 0.178759 0.408036
-0.067093 0.071849 -0.029278 0.269979 0.108420 0.351560
-0.053572 0.076604 -0.040737 0.271220 0.111924 0.336551
-0.062051 0.064572 -0.020397 0.266634 0.118978 0.326065
-0.062109 0.059129 -0.040336 0.269663 0.107242 0.391070
-0.082850 -0.080271 -0.095054 0.180059 0.202390 0.619545
-0.062051 -0.072938 -0.077693 0.152083 0.163653 0.559647
-0.053915 -0.052196 -0.065031 0.179836 0.045590 0.418771
-0.036154 -0.037758 -0.065031 0.211998 0.047122 0.379118
-0.063426 -0.015355 -0.083308 0.187674 0.093220 0.615353
-0.089496 -0.054145 -0.074485 0.139288 0.190195 0.665373
-0.036154 -0.037701 -0.061937 0.135884 0.035770 0.514825
-0.036211 -0.016845 -0.069557 0.173169 0.054089 0.428647
-0.045092 -0.050019 -0.058671 0.232162 0.071206 0.589312
-0.054546 -0.030711 -0.027674 0.310296 0.157063 0.721956
-0.036154 -0.033518 -0.055004 0.291763 0.057035 0.591491
-0.026528 -0.022804 -0.053629 0.294780 0.044023 0.477351
-0.024924 -0.013980 -0.044060 0.298543 0.037779 0.467975
-0.063083 -0.033518 -0.035065 0.234236 0.134622 0.634023
-0.041196 -0.020798 -0.049847 0.236936 0.140608 0.570426
-0.043659 -0.012949 -0.080386 0.259241 0.075321 0.504587
0.012261 -0.012147 0.017131 0.284375 0.091641 0.421648
-0.019595 -0.008537 0.056379 0.271936 0.119799 0.479147
-0.082735 -0.022632 0.021199 0.261267 0.219628 0.590352
-0.100898 -0.012089 0.003323 0.280182 0.104892 0.551729
-0.096085 -0.025096 0.015470 0.298522 0.089251 0.604994
-0.089210 -0.007735 0.010943 0.306764 0.110602 0.556871
-0.034320 0.009683 0.001203 0.346970 0.035837 0.477735
-0.034320 0.019137 0.001089 0.383052 0.038362 0.468622
-0.056264 -0.001948 0.010943 0.321520 0.119487 0.557479
-0.034320 0.009969 -0.008537 0.317629 0.135206 0.509533
-0.005042 0.009397 0.000458 0.328841 0.124219 0.485728
0.000573 -0.001547 0.010943 0.323876 0.147722 0.471741
0.018449 -0.008652 0.018220 0.338470 0.175970 0.446086
-0.005672 0.006646 0.010943 0.350731 0.155329 0.529918
-0.023778 -0.001776 0.001891 0.334601 0.217411 0.595916
-0.001203 0.000057 -0.010772 0.341852 0.136158 0.502680
0.004068 -0.004240 -0.002693 0.356618 0.084327 0.479351
0.018449 -0.005901 0.015126 0.356798 0.095470 0.434494
0.004125 -0.012949 0.014782 0.374179 0.087367 0.479925
-0.034034 -0.027903 0.010943 0.321506 0.169251 0.669159
-0.078610 -0.033002 0.016157 0.285998 0.160379 0.666603
-0.056551 -0.008193 -0.008824 0.286136 0.056431 0.574800
-0.029393 -0.027559 0.004927 0.306664 0.031362 0.482798
-0.038961 -0.016902 0.015527 0.334359 0.064066 0.552434
-0.082735 -0.040050 0.010943 0.306590 0.163933 0.808937
-0.081761 -0.070760 0.005672 0.319305 0.126490 0.823758
-0.090757 -0.038847 -0.028247 0.290637 0.035550 0.659280
-0.042800 -0.032086 -0.016788 0.324199 0.024072 0.566875
-0.089954 -0.033976 -0.017418 0.346844 0.076774 0.680165
-0.081188 -0.031914 -0.004927 0.322017 0.096245 0.701765
-0.047212 -0.038789 -0.008308 0.293641 0.048918 0.572152
0.010600 -0.045321 -0.001146 0.268610 0.049701 0.503725
-0.023434 -0.045034 0.010943 0.277545 0.078910 0.535393
-0.095455 -0.052827 0.024007 0.285694 0.184997 0.631685
-0.088808 -0.052139 -0.000172 0.279991 0.127984 0.589441
-0.081876 -0.045894 -0.008709 0.281657 0.073550 0.539066
-0.050478 -0.047785 -0.005615 0.309419 0.101789 0.485237
-0.025267 -0.031054 0.020970 0.321549 0.106388 0.434348
-0.067781 -0.031054 0.031112 0.318617 0.127387 0.538777
-0.100382 -0.043831 0.006761 0.281963 0.210589 0.596809
-0.044920 -0.031054 0.004526 0.318218 0.089653 0.534673
-0.036956 -0.022689 0.005157 0.324876 0.102854 0.518284
-0.010600 -0.026872 0.010943 0.320870 0.143403 0.483759
0.009740 -0.021486 0.010943 0.312662 0.141649 0.473521
-0.046352 -0.024981 0.026872 0.321937 0.153613 0.578152
-0.069614 -0.031054 0.019309 0.318984 0.184462 0.587915
-0.043545 -0.031054 0.014267 0.323470 0.075133 0.526212
-0.019595 -0.031054 0.017361 0.315761 0.069537 0.467307
-0.005271 -0.031054 0.029164 0.311982 0.099642 0.481039
-0.052139 -0.031054 0.038274 0.278702 0.186183 0.562218
-0.028934 -0.031054 0.016845 0.276749 0.152135 0.506831
-0.029908 -0.031054 0.014954 0.291549 0.084668 0.456149
0.026127 0.002406 0.036039 0.312634 0.121200 0.495447
-0.163178 -0.005099 0.041081 0.406767 0.116081 0.547102
-0.187472 0.079928 -0.005157 0.310650 0.142498 0.527710
-0.158595 0.068067 -0.009511 0.302757 0.120342 0.460519
-0.112644 0.033002 0.004526 0.282484 0.094408 0.565829
-0.156303 -0.010428 0.022976 0.248484 0.193181 0.691141
-0.124160 0.003037 0.003438 0.238803 0.112668 0.622293
-0.026986 0.005214 0.001432 0.253236 0.024635 0.507027
-0.017991 -0.015011 0.016157 0.288065 0.011842 0.425116
-0.026413 0.016215 0.036096 0.346565 0.035107 0.505413
-0.101471 0.035982 0.020054 0.352990 0.127291 0.727984
-0.139057 0.018850 0.013694 0.312464 0.181811 0.809050
-0.113560 0.022517 0.004584 0.291665 0.100713 0.719466
-0.091616 0.019652 -0.002406 0.273716 0.072905 0.636115
-0.138828 0.010141 -0.001031 0.269604 0.062765 0.550932
-0.126738 0.008021 0.008021 0.273076 0.052974 0.557211
-0.151948 0.003839 0.016501 0.275919 0.114630 0.663374
-0.130291 -0.000745 0.008308 0.276411 0.128331 0.624841
-0.054660 0.005214 -0.001031 0.285202 0.045804 0.503413
-0.052769 -0.005730 0.008079 0.279648 0.042043 0.447352
-0.073740 -0.000115 0.029049 0.294577 0.072030 0.473281
-0.147880 0.004870 0.026528 0.269481 0.153041 0.717670
-0.141979 -0.001031 0.019079 0.241440 0.179515 0.721039
-0.095111 0.010256 -0.003151 0.255969 0.078435 0.621754
-0.081188 0.004870 -0.006360 0.264134 0.071593 0.559695
-0.079584 0.004870 0.011688 0.275591 0.074442 0.554053
-0.141406 0.004927 0.016215 0.274111 0.125220 0.690241
-0.165871 0.009053 -0.008021 0.262628 0.146368 0.670059
-0.121925 0.010313 -0.024809 0.279539 0.056127 0.546247
-0.087777 0.004870 -0.008021 0.266899 0.058069 0.521248
-0.111841 0.004870 0.013121 0.281913 0.082360 0.603265
-0.162949 -0.010600 0.031742 0.265062 0.150186 0.730777
-0.137624 0.013751 0.009912 0.265288 0.108291 0.654835
-0.084225 0.004870 0.012089 0.256772 0.059554 0.578015
-0.092475 0.004927 0.018908 0.251497 0.071656 0.610214
-0.136994 -0.002807 0.031627 0.213749 0.157880 0.682846
-0.114305 0.004870 0.026528 0.214313 0.114046 0.671362
-0.065661 0.004870 0.023606 0.238616 0.053063 0.602989
-0.042170 0.018908 0.026528 0.247935 0.037334 0.551278
-0.045378 0.040795 0.032429 0.261233 0.049250 0.557274
-0.078381 0.042685 0.036669 0.277461 0.126547 0.691129
-0.088006 0.054775 0.022632 0.256126 0.176553 0.694509
-0.064572 0.082735 0.002636 0.195880 0.092824 0.713426
-0.030882 0.050134 -0.026929 0.173526 0.122996 0.585337
-0.041024 0.040279 0.000516 0.213216 0.127972 0.577261
-0.026413 0.063999 0.003094 0.236037 0.120144 0.566721
-0.008881 0.072594 0.007850 0.245534 0.133309 0.565109
0.018564 0.079011 0.009397 0.258403 0.114883 0.554245
-0.015584 0.063999 0.020512 0.275933 0.122048 0.651201
-0.066692 0.057582 0.026929 0.292700 0.180502 0.696056
-0.019939 0.054775 0.024465 0.320936 0.100127 0.606318
-0.010313 0.053915 0.026700 0.333854 0.034012 0.562358
-0.027502 0.043201 0.032544 0.317953 0.069846 0.638474
-0.160485 0.010772 0.057468 0.271045 0.160821 0.811125
-0.185868 0.045264 0.043946 0.322766 0.163067 0.665413
-0.135906 0.054316 0.021314 0.309775 0.123666 0.621049
-0.086459 0.050936 0.021314 0.286152 0.087570 0.642557
-0.101471 0.070302 0.029164 0.299807 0.081629 0.793581
-0.163809 0.085313 0.044290 0.311752 0.164424 0.959773
-0.111154 0.102330 0.027330 0.322562 0.088297 0.879067
-0.048988 0.097460 0.017647 0.357972 0.026644 0.777791
-0.032372 0.107487 0.006474 0.374372 0.023849 0.762941
-0.104164 0.105367 0.031799 0.365575 0.081108 0.930370
-0.119118 0.100382 0.030596 0.352607 0.117252 0.976764
-0.068182 0.094595 0.017876 0.361944 0.053170 0.864812
-0.047899 0.112529 0.014897 0.363361 0.034359 0.764675
-0.178877 0.126681 0.033805 0.368108 0.098901 0.970573
-0.199275 0.119691 0.074313 0.385009 0.159641 1.018518
-0.152063 0.150115 0.040451 0.420788 0.075090 0.848417
-0.193201 0.196066 0.022173 0.474840 0.055989 0.764946
-0.046180 0.205405 0.012204 0.503583 0.027646 0.734071
-0.150974 0.347442 0.013235 0.368793 0.113254 0.942600
-0.150974 0.355005 0.015241 0.364348 0.126905 0.909979
-0.078266 0.293526 0.001318 0.388381 0.058959 0.821582
-0.095512 0.250039 0.012548 0.360639 0.063891 0.781181
-0.130806 0.238866 0.019538 0.326111 0.073691 0.878058
-0.179164 0.264019 0.043086 0.330969 0.122894 0.861078
-0.142094 0.265738 0.033862 0.379568 0.105600 0.738659
-0.136708 0.258232 0.064343 0.393783 0.114542 0.691555
-0.154298 0.272556 0.060676 0.410093 0.147577 0.806246
-0.199905 0.207984 0.077177 0.361008 0.192314 0.978283
-0.138312 0.202140 0.045092 0.375700 0.107810 0.824680
-0.113732 0.138255 0.056207 0.473178 0.025036 0.774339
-0.097174 0.193717 0.046524 0.493285 0.060357 0.752218
-0.143239 0.201567 0.056207 0.473814 0.128809 0.878590
-0.137796 0.215088 0.045665 0.472643 0.114702 0.833827
-0.125306 0.198816 0.032888 0.446679 0.085317 0.688654
-0.123186 0.159168 0.122842 0.482037 0.087061 0.597105
-0.165642 0.224428 0.130520 0.465481 0.167917 0.828044
-0.187013 0.248033 0.096429 0.372376 0.257615 0.938895
-0.111097 0.266826 0.037357 0.392477 0.090358 0.811972
-0.092533 0.266139 0.027674 0.365668 0.070345 0.738003
-0.115795 0.261441 0.040909 0.390054 0.082017 0.762428
-0.171773 0.269806 0.048071 0.410956 0.147475 0.883600
-0.166158 0.282354 0.031455 0.433491 0.122606 0.801591
-0.114248 0.286021 0.040909 0.494125 0.061955 0.694738
-0.139401 0.284932 0.076948 0.548602 0.095267 0.693617
-0.213427 0.278343 0.080099 0.522683 0.184131 0.834601
-0.199389 0.327216 0.060046 0.490294 0.151841 0.784541
-0.155959 0.295933 0.090413 0.461922 0.141289 0.772767
-0.213083 0.368355 0.050363 0.313802 0.146843 0.730703
-0.353630 0.394367 0.083423 0.176238 0.147280 0.451208
-0.341597 0.402675 0.072422 0.171994 0.164721 0.514081
-0.328362 0.333060 0.058728 0.188935 0.147558 0.452004
-0.280635 0.318163 0.072594 0.224225 0.128852 0.442902
-0.293297 0.309970 0.075459 0.249561 0.147546 0.584347
-0.296735 0.260925 0.065374 0.186206 0.186635 0.758788
-0.257315 0.277025 0.061192 0.202558 0.122249 0.639503
-0.219901 0.278916 0.095970 0.253292 0.068114 0.529546
-0.230902 0.298282 0.115222 0.297858 0.092149 0.582728
-0.280635 0.292151 0.119233 0.307605 0.199197 0.758086
-0.267056 0.287682 0.099408 0.317501 0.172016 0.683743
-0.205291 0.268373 0.099752 0.332041 0.094207 0.531637
-0.218125 0.322060 0.047842 0.317366 0.088361 0.428507
-0.245684 0.333633 0.087892 0.336181 0.138147 0.530942
-0.301319 0.330310 0.075860 0.309967 0.241857 0.746085
-0.273587 0.339592 0.052368 0.285154 0.186703 0.762870
-0.224313 0.324008 0.023720 0.270594 0.129871 0.638146
-0.191024 0.312090 0.055577 0.284122 0.103123 0.580496
-0.177216 0.338160 0.092533 0.332241 0.116152 0.543538
-0.224084 0.352083 0.076203 0.336090 0.147938 0.722026
-0.247231 0.337587 0.073281 0.327791 0.205842 0.755842
-0.181685 0.340967 0.067093 0.332142 0.109086 0.650413
-0.158824 0.345665 0.092533 0.364354 0.103854 0.523801
-0.202254 0.340681 0.089611 0.357724 0.133892 0.616961
-0.237319 0.312377 0.073109 0.296894 0.211059 0.737188
-0.212567 0.306991 0.057238 0.281921 0.159043 0.670979
-0.176127 0.281036 0.055290 0.266515 0.116361 0.586632
-0.128343 0.283385 0.076547 0.288493 0.128712 0.493863
-0.149485 0.314210 0.077521 0.316126 0.140259 0.548472
-0.228438 0.330597 0.076261 0.320340 0.218253 0.694919
-0.217151 0.327044 0.063656 0.314589 0.206633 0.670726
-0.165642 0.311345 0.042513 0.298090 0.111078 0.586487
-0.137453 0.309970 0.050134 0.311634 0.100408 0.539018
-0.155959 0.308480 0.070588 0.300958 0.115118 0.581768
-0.239668 0.300115 0.085944 0.287676 0.187068 0.674545
-0.209416 0.296219 0.062682 0.231799 0.167413 0.647461
-0.101815 0.325440 0.019251 0.214699 0.091294 0.655010
-0.266024 0.293469 0.033919 0.198454 0.144341 0.666981
-0.320341 0.270436 0.057296 0.230218 0.111999 0.612096
-0.275364 0.263561 0.093850 0.270716 0.100673 0.556836
-0.245341 0.279718 0.103591 0.337025 0.133161 0.585425
-0.249294 0.281781 0.076203 0.328547 0.180738 0.655973
-0.187013 0.257774 0.059301 0.298485 0.149229 0.574353
-0.172059 0.273587 0.057582 0.307304 0.115795 0.499984
-0.155042 0.276509 0.054145 0.311064 0.121432 0.487450
-0.154355 0.270493 0.082735 0.301598 0.122091 0.476952
-0.161001 0.309741 0.088579 0.332543 0.131998 0.501933
-0.224485 0.291807 0.060504 0.294115 0.197001 0.648068
-0.212166 0.251242 0.047842 0.237760 0.220381 0.641169
-0.140145 0.248492 0.036898 0.255030 0.122783 0.533668
-0.140145 0.263274 0.060504 0.276947 0.126355 0.468345
-0.152120 0.263217 0.063484 0.293898 0.126489 0.505498
-0.231246 0.255998 0.064802 0.278229 0.193884 0.610615
-0.239153 0.243622 0.060504 0.261445 0.205052 0.604034
-0.211479 0.241273 0.049274 0.257122 0.124157 0.571065
-0.180367 0.236460 0.048759 0.256409 0.105191 0.521129
-0.153152 0.232735 0.055863 0.294031 0.085677 0.404361
-0.145417 0.272441 0.053743 0.361500 0.095566 0.364122
-0.155902 0.311059 0.047154 0.340054 0.171468 0.586265
-0.207182 0.266425 0.033805 0.281690 0.258588 0.727013
-0.203801 0.219328 0.019079 0.231273 0.172210 0.623610
-0.197499 0.181227 0.037414 0.210016 0.121310 0.503268
-0.154068 0.179107 0.060562 0.235631 0.112267 0.444572
-0.188102 0.212911 0.060504 0.211751 0.161448 0.717277
-0.166330 0.219214 0.054202 0.215785 0.180708 0.790250
-0.096257 0.233079 0.031169 0.247212 0.071853 0.671896
-0.095569 0.249810 0.022976 0.266846 0.071743 0.603666
-0.109893 0.238064 0.041024 0.302665 0.082266 0.570361
-0.199733 0.202942 0.064286 0.282021 0.150772 0.726373
-0.206666 0.215604 0.056207 0.265652 0.195723 0.690212
-0.122269 0.229584 0.021257 0.283546 0.105624 0.546199
-0.120207 0.221735 0.049675 0.298038 0.104580 0.512448
-0.170799 0.245398 0.063885 0.270701 0.143318 0.607808
-0.277025 0.267170 0.043487 0.256128 0.175698 0.666223
-0.464898 0.324351 -0.017934 0.272374 0.006868 0.708874
-0.661995 0.277598 -0.025153 0.213955 -0.012612 0.808132
-0.612435 0.279661 -0.040795 0.180194 -0.020914 0.826422
-0.481285 0.234855 -0.004698 0.161242 -0.011530 0.695150
-0.355578 0.219271 0.006131 0.193361 0.029081 0.678477
-0.286593 0.243965 0.029794 0.234724 0.101817 0.684299
-0.329852 0.243335 0.018220 0.227404 0.128861 0.724207
-0.316559 0.244080 0.017704 0.234469 0.126430 0.662469
-0.331857 0.238981 0.012433 0.234934 0.080203 0.649429
-0.328018 0.238522 0.014668 0.229404 0.075101 0.626531
-0.284645 0.236975 0.024064 0.240404 0.082679 0.574544
-0.269863 0.226490 0.031226 0.249555 0.096235 0.451882
-0.241960 0.196181 0.019366 0.236003 0.103784 0.343990
-0.256112 0.191540 0.020741 0.198320 0.162925 0.409225
-0.330024 0.211822 0.033002 0.213529 0.227073 0.559946
-0.312090 0.222136 0.020054 0.219763 0.226580 0.535996
-0.340623 0.187414 -0.042857 0.202672 0.111840 0.468086
-0.251299 0.239955 -0.066520 0.121110 0.107641 0.484679
-0.242590 0.283156 -0.070302 0.119658 0.107989 0.422602
-0.265509 0.243278 -0.050019 0.114223 0.174820 0.452709
-0.279432 0.212739 -0.052941 0.080720 0.069170 0.457595
-0.242304 0.190738 -0.042055 0.133905 0.102953 0.375439
-0.257029 0.190738 -0.027788 0.157735 0.094790 0.404664
-0.295933 0.217724 -0.004526 0.174561 0.222763 0.512906
-0.251185 0.220818 0.000172 0.191019 0.188431 0.415707
-0.200421 0.234913 0.010371 0.237587 0.147385 0.330731
-0.199790 0.236689 0.015986 0.238085 0.168558 0.314967
-0.227636 0.277140 0.051795 0.256997 0.188246 0.436185
-0.283041 0.268545 0.056436 0.232370 0.249257 0.495358
-0.212224 0.238179 0.041368 0.215872 0.139932 0.363770
-0.185409 0.224714 0.036440 0.232194 0.120948 0.315483
-0.195550 0.257545 0.056436 0.266474 0.139931 0.396669
-0.251528 0.263160 0.040565 0.234774 0.234521 0.597444
-0.228725 0.250612 0.036268 0.211166 0.167008 0.543342
-0.192972 0.260295 0.039821 0.241004 0.103342 0.433660
-0.187185 0.252846 0.051795 0.284013 0.101753 0.372399
-0.227865 0.267170 0.060332 0.296625 0.157910 0.491864
-0.279718 0.252846 0.046925 0.257917 0.243639 0.533015
-0.204661 0.245398 0.043201 0.257124 0.165623 0.370923
-0.147422 0.231991 0.056207 0.334892 0.125977 0.293447
-0.165528 0.209359 0.069958 0.364733 0.164846 0.311984
-0.230730 0.232907 0.105711 0.364737 0.248524 0.427738
-0.202311 0.227178 0.096887 0.321364 0.268295 0.396377
-0.169424 0.211078 0.061364 0.312470 0.167814 0.341058
-0.130348 0.204030 0.067208 0.312574 0.149676 0.296008
-0.148854 0.217609 0.084454 0.330781 0.161739 0.379155
-0.188961 0.203056 0.099122 0.251329 0.246611 0.561441
-0.181169 0.136364 0.079355 0.219692 0.179686 0.593581
-0.139171 0.190337 0.049790 0.262358 0.117576 0.519342
-0.147136 0.190337 0.061650 0.268471 0.134815 0.481626
-0.152980 0.190337 0.061708 0.269376 0.145289 0.479002
-0.143698 0.190394 0.081074 0.272691 0.154745 0.466865
-0.107888 0.194175 0.087892 0.269801 0.148372 0.456798
-0.016215 0.217724 0.124504 0.273093 0.184056 0.422927
-0.097403 0.230214 0.116482 0.268201 0.243678 0.414078
-0.069500 0.206952 0.132525 0.273280 0.267771 0.372077
-0.038732 0.190795 0.142380 0.312335 0.248259 0.332999
-0.016845 0.165470 0.122957 0.321106 0.255237 0.315240
-0.010772 0.165413 0.135791 0.336562 0.249051 0.311088
-0.006704 0.175955 0.116540 0.327258 0.222246 0.376102
-0.103476 0.176185 0.136593 0.291862 0.268031 0.525023
-0.137911 0.165470 0.119404 0.274575 0.183644 0.498801
-0.099580 0.149370 0.089840 0.287662 0.119612 0.335924
-0.093679 0.134359 0.077349 0.304476 0.094626 0.338053
-0.170340 0.148740 0.099695 0.302130 0.177290 0.587601
-0.222938 0.159168 0.082105 0.237781 0.271944 0.739519
-0.171200 0.188045 0.031799 0.250094 0.156715 0.541787
-0.136536 0.183346 0.034836 0.282332 0.079813 0.329972
-0.126509 0.136994 0.058270 0.315648 0.103926 0.280656
-0.164840 0.161803 0.073740 0.364219 0.172585 0.351504
-0.236861 0.114133 0.130634 0.266913 0.279448 0.551791
-0.224886 0.116482 0.126452 0.240646 0.303033 0.532190
-0.161631 0.088465 0.098148 0.226378 0.167282 0.339217
-0.129087 0.104851 0.072766 0.270409 0.127500 0.242477
-0.130061 0.104737 0.102674 0.329917 0.156796 0.262001
-0.200535 0.129087 0.128457 0.348900 0.243985 0.426882
-0.218641 0.136307 0.128973 0.337750 0.276666 0.454300
-0.181971 0.129145 0.102674 0.333957 0.180416 0.348491
-0.144557 0.105711 0.102674 0.357163 0.164784 0.269569
-0.137854 0.089210 0.109607 0.369542 0.190487 0.228959
-0.178935 0.109492 0.122613 0.387146 0.222008 0.309063
-0.226146 0.135218 0.154240 0.386881 0.318927 0.413033
-0.172346 0.136249 0.131150 0.355738 0.259716 0.338837
-0.158423 0.104909 0.120149 0.351142 0.199772 0.246937
-0.130004 0.098778 0.122269 0.375300 0.186115 0.235598
-0.162376 0.098778 0.129259 0.391613 0.221878 0.335910
-0.189649 0.114935 0.125707 0.309331 0.288356 0.450391
-0.168278 0.123931 0.094825 0.316542 0.219084 0.373351
-0.140088 0.118488 0.116310 0.306445 0.188906 0.328026
-0.125306 0.095111 0.140375 0.325885 0.191265 0.278947
-0.126051 0.096543 0.140375 0.360306 0.205289 0.311799
-0.161173 0.103018 0.160600 0.369272 0.299077 0.397613
-0.158366 0.117800 0.157392 0.353778 0.255376 0.342254
-0.140776 0.125879 0.140432 0.357132 0.210053 0.298627
-0.112529 0.128629 0.140432 0.341720 0.180828 0.265133
-0.100611 0.111899 0.146333 0.324736 0.203274 0.253769
-0.143297 0.114706 0.148625 0.349754 0.245227 0.321730
-0.198759 0.112300 0.174122 0.372804 0.309820 0.403717
-0.147422 0.123129 0.140375 0.367237 0.259046 0.311722
-0.104622 0.121582 0.121811 0.367038 0.201894 0.242166
-0.090470 0.120722 0.122785 0.368107 0.225979 0.233178
-0.135275 0.122326 0.131322 0.363352 0.210353 0.304773
-0.179737 0.130004 0.148511 0.365087 0.315758 0.399279
-0.137223 0.141750 0.140375 0.368589 0.257313 0.329280
-0.117743 0.143641 0.131494 0.369788 0.165136 0.320243
-0.157850 0.147021 0.140375 0.376349 0.210287 0.415188
-0.215776 0.154298 0.150802 0.392535 0.285039 0.470929
-0.180310 0.156933 0.119863 0.380701 0.191992 0.458933
-0.164611 0.212682 0.075573 0.350257 0.157007 0.406901
-0.181456 0.219615 0.089611 0.333593 0.218171 0.390871
-0.146505 0.172174 0.089611 0.356505 0.148118 0.331465
-0.187243 0.172174 0.102158 0.371777 0.177877 0.381163
-0.238236 0.177961 0.114878 0.379149 0.268918 0.444688
-0.174007 0.193889 0.081933 0.365187 0.233427 0.334102
-0.123873 0.178419 0.089611 0.382350 0.149342 0.302926
-0.102617 0.155902 0.109550 0.375967 0.198816 0.278874
-0.116597 0.154699 0.104393 0.367242 0.238984 0.294895
-0.188560 0.168450 0.124504 0.381064 0.271935 0.409194
-0.206895 0.157907 0.143469 0.377001 0.303561 0.440520
-0.201738 0.162376 0.091158 0.359307 0.177426 0.393810
-0.145302 0.159569 0.109263 0.384316 0.164175 0.332943
-0.110638 0.149485 0.089897 0.402925 0.149158 0.313125
-0.201051 0.154355 0.101643 0.387013 0.203417 0.432083
-0.211765 0.167533 0.110524 0.360033 0.254037 0.476518
-0.162147 0.172117 0.065031 0.366024 0.156461 0.383012
-0.143583 0.172174 0.081876 0.389847 0.156925 0.316539
-0.151261 0.168507 0.093392 0.405659 0.184532 0.355390
-0.218870 0.203457 0.083766 0.422203 0.301393 0.474610
-0.204775 0.201681 0.083766 0.390729 0.259291 0.472254
-0.182430 0.192686 0.104737 0.384079 0.196562 0.445202
-0.152922 0.177445 0.091387 0.402908 0.169329 0.398991
-0.137052 0.177044 0.092991 0.416055 0.164384 0.364333
-0.183346 0.170455 0.128113 0.411773 0.218802 0.440198
-0.208385 0.174179 0.121868 0.406071 0.260043 0.446960
-0.164553 0.186440 0.107258 0.411732 0.187704 0.408149
-0.151375 0.183919 0.115623 0.418055 0.186107 0.386818
-0.151375 0.184893 0.125420 0.429890 0.201452 0.388831
-0.200994 0.180023 0.138369 0.426461 0.261395 0.468786
-0.191769 0.180023 0.130348 0.426514 0.248215 0.439950
-0.154412 0.176872 0.107258 0.422372 0.184989 0.395589
-0.137052 0.174007 0.116310 0.414846 0.181122 0.387409
-0.187701 0.169309 0.141005 0.405508 0.246547 0.441541
-0.193259 0.184722 0.132411 0.397349 0.236450 0.425854
-0.168392 0.193774 0.121696 0.393903 0.194462 0.411550
-0.112644 0.189878 0.122040 0.379555 0.199348 0.403245
-0.166100 0.192457 0.091329 0.361918 0.166468 0.430623
-0.220016 0.251357 0.108518 0.320211 0.175783 0.455515
-0.221391 0.244424 0.086631 0.300278 0.195387 0.447887
-0.200077 0.204890 0.105482 0.320488 0.194776 0.374509
-0.198415 0.220875 0.095741 0.356592 0.156579 0.447923
-0.251987 0.200363 0.089381 0.320705 0.209846 0.634473
-0.295532 0.148396 0.093106 0.305709 0.247763 0.678331
-0.210562 0.150115 0.080558 0.302009 0.139177 0.562374
-0.213828 0.184951 0.046123 0.259758 0.074131 0.530952
-0.104450 0.139057 0.103190 0.705470 0.060466 0.268753
-0.192113 0.247117 0.179221 0.777208 0.133095 0.275727
-0.155558 0.242590 0.139000 0.613429 0.156396 0.187232
-0.118488 0.188790 0.155272 0.569943 0.207805 0.180236
